"Date","Time","Open","High","Low","Close","Vol","OI"
01/31/2017,06:59,114.966,115.123,113.946,114.307,0,0
02/01/2017,06:59,114.210,114.635,113.519,113.952,0,0
02/02/2017,06:59,113.933,114.692,113.767,114.030,0,0
02/03/2017,06:59,113.909,114.120,113.455,113.600,0,0
02/04/2017,06:59,113.546,113.920,113.148,113.366,0,0
02/07/2017,06:59,113.295,113.522,112.550,112.754,0,0
02/08/2017,06:59,112.641,112.840,112.156,112.623,0,0
02/09/2017,06:59,112.582,112.711,112.172,112.510,0,0
02/10/2017,06:59,112.443,113.166,112.271,113.027,0,0
02/11/2017,06:59,113.021,113.633,112.662,112.903,0,0
02/14/2017,06:59,113.095,113.571,112.953,113.078,0,0
02/15/2017,06:59,113.023,113.580,112.738,113.520,0,0
02/16/2017,06:59,113.496,113.745,113.228,113.525,0,0
02/17/2017,06:59,113.435,113.784,113.316,113.563,0,0
02/18/2017,06:59,113.527,113.770,112.446,112.470,0,0
02/21/2017,06:59,112.438,112.916,112.425,112.731,0,0
02/22/2017,06:59,112.724,113.020,112.390,112.554,0,0
02/23/2017,06:59,112.517,112.670,111.495,112.120,0,0
02/24/2017,06:59,112.120,112.245,111.745,111.893,0,0
02/25/2017,06:59,111.806,112.184,111.100,111.185,0,0
02/28/2017,06:59,111.263,111.798,111.063,111.640,0,0
03/01/2017,06:59,111.543,112.207,111.246,112.074,0,0
03/02/2017,06:59,112.069,112.931,112.016,112.703,0,0
03/03/2017,06:59,112.695,113.179,112.655,112.891,0,0
03/04/2017,06:59,112.868,113.331,112.658,113.066,0,0
03/07/2017,06:59,112.839,113.169,112.451,112.529,0,0
03/08/2017,06:59,112.472,112.678,112.124,112.478,0,0
03/09/2017,06:59,112.430,113.117,112.069,112.705,0,0
03/10/2017,06:59,112.593,113.778,112.573,113.526,0,0
03/11/2017,06:59,113.520,114.186,113.424,113.435,0,0
03/14/2017,06:59,113.464,114.060,113.241,114.034,0,0
03/15/2017,06:59,114.020,114.300,113.512,113.572,0,0
03/16/2017,06:59,113.566,113.924,113.116,113.325,0,0
03/17/2017,06:59,113.244,113.851,113.067,113.676,0,0
03/18/2017,06:59,113.606,113.918,112.751,112.756,0,0
03/21/2017,06:59,112.831,113.242,112.641,112.694,0,0
03/22/2017,06:59,112.649,113.304,112.218,112.389,0,0
03/23/2017,06:59,112.385,112.447,111.744,112.113,0,0
03/24/2017,06:59,112.104,112.393,111.492,111.645,0,0
03/25/2017,06:59,111.642,112.324,111.604,112.229,0,0
03/28/2017,06:59,112.137,112.429,111.561,112.277,0,0
03/29/2017,06:59,112.223,112.422,111.786,111.964,0,0
03/30/2017,06:59,111.933,112.216,111.053,111.433,0,0
03/31/2017,06:59,111.395,111.808,111.259,111.761,0,0
04/01/2017,06:59,111.699,112.068,110.997,111.044,0,0
04/04/2017,06:59,111.058,111.398,110.549,110.726,0,0
04/05/2017,06:59,110.690,110.727,109.995,110.516,0,0
04/06/2017,06:59,110.505,110.901,110.128,110.145,0,0
04/07/2017,06:59,110.135,110.628,109.666,110.238,0,0
04/08/2017,06:59,110.230,110.396,109.665,110.017,0,0
04/11/2017,06:59,109.949,110.482,109.875,109.960,0,0
04/12/2017,06:59,109.853,109.977,108.792,108.794,0,0
04/13/2017,06:59,108.689,109.036,108.519,108.627,0,0
04/14/2017,06:59,108.607,108.930,108.390,108.442,0,0
04/15/2017,06:59,108.378,108.686,107.900,107.944,0,0
04/18/2017,06:59,108.288,108.548,107.676,108.428,0,0
04/19/2017,06:59,108.349,108.971,108.333,108.852,0,0
04/20/2017,06:59,108.794,109.414,108.747,109.032,0,0
04/21/2017,06:59,108.923,109.910,108.900,109.442,0,0
04/22/2017,06:59,109.426,109.640,109.074,109.432,0,0
04/25/2017,06:59,111.593,111.600,110.046,110.213,0,0
04/26/2017,06:59,110.213,111.920,110.033,111.793,0,0
04/27/2017,06:59,111.637,112.331,111.611,111.797,0,0
04/28/2017,06:59,111.708,112.370,111.606,111.869,0,0
04/29/2017,06:59,111.867,112.613,111.677,112.002,0,0
05/02/2017,06:59,111.914,112.498,111.839,112.241,0,0
05/03/2017,06:59,112.224,113.104,112.171,112.967,0,0
05/04/2017,06:59,112.796,113.609,112.790,113.361,0,0
05/05/2017,06:59,113.285,114.009,113.161,114.005,0,0
05/06/2017,06:59,113.975,114.206,113.411,114.022,0,0
05/09/2017,06:59,114.216,114.309,112.974,113.354,0,0
05/10/2017,06:59,113.364,113.730,112.905,113.138,0,0
05/11/2017,06:59,113.116,113.436,112.868,113.261,0,0
05/12/2017,06:59,113.221,113.370,112.672,112.961,0,0
05/13/2017,06:59,112.927,113.456,112.633,113.174,0,0
05/16/2017,06:59,113.077,114.211,112.975,114.161,0,0
05/17/2017,06:59,114.123,114.959,113.849,114.718,0,0
05/18/2017,06:59,114.664,114.761,113.185,113.211,0,0
05/19/2017,06:59,113.173,113.845,112.496,113.757,0,0
05/20/2017,06:59,113.747,114.489,113.362,114.273,0,0
05/23/2017,06:59,113.938,114.892,113.833,114.318,0,0
05/24/2017,06:59,114.221,114.763,113.848,114.501,0,0
05/25/2017,06:59,114.424,114.852,114.351,114.528,0,0
05/26/2017,06:59,114.546,115.159,114.451,114.909,0,0
05/27/2017,06:59,114.864,114.945,113.937,114.226,0,0
05/30/2017,06:59,113.936,114.452,113.763,113.786,0,0
05/31/2017,06:59,113.695,113.995,113.028,113.703,0,0
06/01/2017,06:59,113.663,114.432,113.479,114.429,0,0
06/02/2017,06:59,114.373,114.870,114.279,114.599,0,0
06/03/2017,06:59,114.530,115.026,114.458,114.678,0,0
06/06/2017,06:59,114.366,114.771,114.339,114.436,0,0
06/07/2017,06:59,114.411,114.501,113.288,113.719,0,0
06/08/2017,06:59,113.668,113.924,113.091,113.819,0,0
06/09/2017,06:59,113.629,114.142,113.398,113.708,0,0
06/10/2017,06:59,113.658,114.143,113.275,113.765,0,0
06/13/2017,06:59,113.760,113.959,113.128,113.476,0,0
06/14/2017,06:59,113.436,114.094,113.304,113.594,0,0
06/15/2017,06:59,113.556,113.808,112.580,112.832,0,0
06/16/2017,06:59,112.794,113.791,112.482,113.730,0,0
06/17/2017,06:59,113.688,114.405,113.597,113.794,0,0
06/20/2017,06:59,113.878,114.490,113.694,114.302,0,0
06/21/2017,06:59,114.251,114.655,114.114,114.285,0,0
06/22/2017,06:59,114.275,114.617,113.963,114.519,0,0
06/23/2017,06:59,114.457,114.593,114.027,114.543,0,0
06/24/2017,06:59,114.393,114.964,114.363,114.764,0,0
06/27/2017,06:59,114.611,115.093,114.578,115.003,0,0
06/28/2017,06:59,114.983,117.046,114.631,116.960,0,0
06/29/2017,06:59,116.860,117.196,116.073,117.023,0,0
06/30/2017,06:59,116.982,117.778,116.930,117.322,0,0
07/01/2017,06:59,117.245,117.406,116.594,117.199,0,0
07/04/2017,06:59,116.840,117.751,116.796,117.652,0,0
07/05/2017,06:59,117.620,117.728,117.037,117.299,0,0
07/06/2017,06:59,117.243,117.780,117.001,117.468,0,0
07/07/2017,06:59,117.423,117.893,116.999,117.832,0,0
07/08/2017,06:59,117.749,118.415,117.675,118.047,0,0
07/11/2017,06:59,118.067,118.596,117.952,118.078,0,0
07/12/2017,06:59,118.040,118.355,117.816,118.207,0,0
07/13/2017,06:59,118.186,118.241,117.174,117.217,0,0
07/14/2017,06:59,117.165,117.628,116.796,117.117,0,0
07/15/2017,06:59,117.074,117.428,116.417,116.738,0,0
07/18/2017,06:59,116.738,117.250,116.554,117.009,0,0
07/19/2017,06:59,116.906,117.630,116.696,117.310,0,0
07/20/2017,06:59,117.294,117.577,116.934,117.121,0,0
07/21/2017,06:59,117.136,117.713,116.591,117.605,0,0
07/22/2017,06:59,117.607,117.775,117.239,117.478,0,0
07/25/2017,06:59,117.449,117.588,116.928,117.359,0,0
07/26/2017,06:59,117.346,117.876,117.141,117.445,0,0
07/27/2017,06:59,117.471,117.613,116.432,116.909,0,0
07/28/2017,06:59,116.868,116.927,115.141,115.292,0,0
07/29/2017,06:59,115.228,115.343,114.091,114.172,0,0
08/01/2017,06:59,114.030,114.634,113.798,114.003,0,0
08/02/2017,06:59,113.946,114.521,113.786,114.278,0,0
08/03/2017,06:59,114.194,114.792,113.860,114.018,0,0
08/04/2017,06:59,113.924,114.300,113.387,113.607,0,0
08/05/2017,06:59,113.550,114.074,113.462,113.730,0,0
08/08/2017,06:59,113.704,114.016,113.615,113.757,0,0
08/09/2017,06:59,113.791,113.823,113.160,113.261,0,0
08/10/2017,06:59,113.175,114.245,112.954,114.211,0,0
08/11/2017,06:59,114.148,114.286,113.277,113.444,0,0
08/12/2017,06:59,113.373,113.620,113.219,113.440,0,0
08/15/2017,06:59,113.325,113.725,112.653,112.770,0,0
08/16/2017,06:59,112.747,113.816,112.649,113.769,0,0
08/17/2017,06:59,113.741,114.179,113.529,114.074,0,0
08/18/2017,06:59,114.006,114.245,113.670,113.742,0,0
08/19/2017,06:59,113.679,113.832,113.010,113.124,0,0
08/22/2017,06:59,113.211,113.331,112.559,113.255,0,0
08/23/2017,06:59,113.221,113.533,112.914,113.113,0,0
08/24/2017,06:59,113.102,113.323,112.830,112.896,0,0
08/25/2017,06:59,112.887,113.533,112.708,113.435,0,0
08/26/2017,06:59,113.395,114.414,113.386,114.217,0,0
08/29/2017,06:59,114.238,114.639,113.959,114.343,0,0
08/30/2017,06:59,114.341,115.071,113.909,114.857,0,0
08/31/2017,06:59,114.680,115.321,114.343,114.375,0,0
09/01/2017,06:59,114.369,114.816,114.199,114.680,0,0
09/02/2017,06:59,114.615,114.858,114.161,114.211,0,0
09/05/2017,06:59,113.974,114.725,113.935,114.419,0,0
09/06/2017,06:59,114.421,114.529,113.694,113.869,0,0
09/07/2017,06:59,113.821,114.283,113.688,114.158,0,0
09/08/2017,06:59,113.987,114.427,113.737,114.092,0,0
09/09/2017,06:59,114.043,114.490,113.437,114.193,0,0
09/12/2017,06:59,114.115,114.668,113.994,114.333,0,0
09/13/2017,06:59,114.368,114.781,114.227,114.729,0,0
09/14/2017,06:59,114.630,114.837,114.411,114.554,0,0
09/15/2017,06:59,114.504,114.738,113.930,114.392,0,0
09/16/2017,06:59,114.336,115.930,113.712,115.441,0,0
09/19/2017,06:59,115.491,116.197,115.447,115.964,0,0
09/20/2017,06:59,115.936,116.462,115.560,115.910,0,0
09/21/2017,06:59,115.847,116.079,115.577,115.662,0,0
09/22/2017,06:59,115.669,115.953,115.360,115.867,0,0
09/23/2017,06:59,115.850,115.943,115.409,115.455,0,0
09/26/2017,06:59,115.455,115.853,115.030,115.580,0,0
09/27/2017,06:59,115.468,115.910,114.979,115.850,0,0
09/28/2017,06:59,115.801,116.199,115.504,116.009,0,0
09/29/2017,06:59,115.962,116.187,115.534,115.773,0,0
09/30/2017,06:59,115.701,116.372,115.671,116.122,0,0
10/03/2017,06:59,116.194,116.417,115.455,115.639,0,0
10/04/2017,06:59,115.620,116.034,115.504,115.882,0,0
10/05/2017,06:59,115.836,115.979,115.504,115.622,0,0
10/06/2017,06:59,115.487,115.736,115.029,115.290,0,0
10/07/2017,06:59,115.218,115.540,115.023,115.126,0,0
10/10/2017,06:59,114.981,115.210,114.869,115.001,0,0
10/11/2017,06:59,114.956,115.331,114.882,115.297,0,0
10/12/2017,06:59,115.273,115.629,114.923,115.574,0,0
10/13/2017,06:59,115.420,115.653,115.007,115.114,0,0
10/14/2017,06:59,115.013,115.160,114.626,114.716,0,0
10/17/2017,06:59,114.537,115.024,114.422,114.989,0,0
10/18/2017,06:59,114.934,115.037,114.504,114.657,0,0
10/19/2017,06:59,114.625,115.159,114.584,115.031,0,0
10/20/2017,06:59,114.990,115.547,114.895,115.272,0,0
10/21/2017,06:59,115.220,115.601,115.021,115.239,0,0
10/24/2017,06:59,115.521,115.727,114.983,115.153,0,0
10/25/2017,06:59,115.142,115.373,114.822,114.918,0,0
10/26/2017,06:59,114.857,115.123,114.730,114.903,0,0
10/27/2017,06:59,114.901,114.971,114.022,114.231,0,0
10/28/2017,06:59,114.189,114.399,113.705,113.823,0,0
10/31/2017,06:59,113.915,114.011,113.477,113.805,0,0
11/01/2017,06:59,113.780,114.110,113.395,113.883,0,0
11/02/2017,06:59,113.843,114.093,113.698,113.792,0,0
11/03/2017,06:59,113.785,114.256,113.741,114.149,0,0
11/04/2017,06:59,114.129,114.268,113.934,113.948,0,0
11/07/2017,06:59,114.009,114.511,113.839,113.974,0,0
11/08/2017,06:59,113.960,114.394,113.834,113.938,0,0
11/09/2017,06:59,113.924,114.003,113.464,113.830,0,0
11/10/2017,06:59,113.832,114.134,113.277,114.131,0,0
11/11/2017,06:59,114.129,114.284,113.836,113.910,0,0
11/14/2017,06:59,113.847,114.090,113.516,114.042,0,0
11/15/2017,06:59,114.019,114.697,113.910,114.634,0,0
11/16/2017,06:59,114.658,114.680,114.104,114.161,0,0
11/17/2017,06:59,114.135,114.340,113.519,113.684,0,0
11/18/2017,06:59,113.652,113.804,113.112,113.293,0,0
11/21/2017,06:59,113.309,113.516,113.055,113.340,0,0
11/22/2017,06:59,113.306,113.451,113.105,113.395,0,0
11/23/2017,06:59,113.363,113.608,113.141,113.270,0,0
11/24/2017,06:59,113.224,113.495,113.126,113.164,0,0
11/25/2017,06:59,113.167,113.971,113.167,113.713,0,0
11/28/2017,06:59,113.757,113.946,113.062,113.141,0,0
11/29/2017,06:59,113.148,113.412,112.949,113.261,0,0
11/30/2017,06:59,113.136,113.755,113.091,113.673,0,0
12/01/2017,06:59,113.515,114.542,113.451,114.373,0,0
12/02/2017,06:59,114.313,114.932,114.094,114.862,0,0
12/05/2017,06:59,114.864,115.153,114.039,114.085,0,0
12/06/2017,06:59,114.092,114.386,113.894,113.990,0,0
12/07/2017,06:59,114.018,114.052,113.284,113.427,0,0
12/08/2017,06:59,113.355,113.786,113.300,113.714,0,0
12/09/2017,06:59,113.691,114.394,113.680,114.223,0,0
12/12/2017,06:59,114.115,114.556,114.087,114.454,0,0
12/13/2017,06:59,114.431,114.679,114.288,114.513,0,0
12/14/2017,06:59,114.477,114.540,114.024,114.169,0,0
12/15/2017,06:59,114.136,114.458,113.445,113.637,0,0
12/16/2017,06:59,113.597,113.802,113.287,113.580,0,0
12/19/2017,06:59,113.761,114.228,113.400,114.164,0,0
12/20/2017,06:59,114.176,114.727,114.099,114.600,0,0
12/21/2017,06:59,114.561,115.153,114.452,114.887,0,0
12/22/2017,06:59,114.808,115.173,114.461,114.635,0,0
12/23/2017,06:59,114.597,114.676,114.344,114.418,0,0
12/27/2017,06:59,114.254,114.636,114.254,114.415,0,0
12/28/2017,06:59,114.366,114.893,114.267,114.883,0,0
12/29/2017,06:59,114.830,115.503,114.702,115.310,0,0
12/30/2017,06:59,115.216,115.745,115.125,115.530,0,0
01/03/2018,06:59,115.498,115.832,115.293,115.550,0,0
01/04/2018,06:59,115.472,115.579,114.714,115.147,0,0
01/05/2018,06:59,115.068,115.835,115.025,115.665,0,0
01/06/2018,06:59,115.615,116.152,115.574,115.908,0,0
01/09/2018,06:59,115.974,116.076,115.437,115.699,0,0
01/10/2018,06:59,115.652,115.781,114.290,114.529,0,0
01/11/2018,06:59,114.521,114.609,113.658,113.881,0,0
01/12/2018,06:59,113.843,114.496,113.706,113.988,0,0
01/13/2018,06:59,113.906,114.870,113.826,114.647,0,0
01/16/2018,06:59,114.654,115.165,114.411,114.722,0,0
01/17/2018,06:59,114.724,115.212,114.545,115.112,0,0
01/18/2018,06:59,115.062,115.566,114.781,115.253,0,0
01/19/2018,06:59,115.104,116.000,115.084,115.818,0,0
01/20/2018,06:59,115.735,115.944,114.829,114.873,0,0
01/23/2018,06:59,114.996,115.427,114.851,115.304,0,0
01/24/2018,06:59,115.269,115.487,114.780,115.138,0,0
01/25/2018,06:59,115.158,115.831,114.979,115.486,0,0
01/26/2018,06:59,115.478,117.010,115.328,116.216,0,0
01/27/2018,06:59,116.204,116.941,115.789,116.290,0,0
01/30/2018,06:59,116.211,116.539,116.023,116.194,0,0
01/31/2018,06:59,116.172,116.654,115.770,116.405,0,0
02/01/2018,06:59,116.317,117.503,116.230,117.225,0,0
02/02/2018,06:59,117.132,118.098,117.065,118.073,0,0
02/03/2018,06:59,117.955,118.549,117.949,118.192,0,0
02/06/2018,06:59,118.041,118.276,116.747,117.088,0,0
02/07/2018,06:59,117.041,117.284,116.268,117.010,0,0
02/08/2018,06:59,116.930,117.217,115.614,115.878,0,0
02/09/2018,06:59,115.785,116.608,115.658,116.162,0,0
02/10/2018,06:59,116.097,116.593,115.061,115.718,0,0
02/13/2018,06:59,115.719,116.040,115.506,115.665,0,0
02/14/2018,06:59,115.641,115.849,114.973,115.285,0,0
02/15/2018,06:59,115.274,115.401,114.335,115.142,0,0
02/16/2018,06:59,115.065,115.427,114.574,115.104,0,0
02/17/2018,06:59,115.070,115.287,114.449,114.535,0,0
02/20/2018,06:59,114.472,114.936,114.411,114.682,0,0
02/21/2018,06:59,114.623,114.917,114.512,114.616,0,0
02/22/2018,06:59,114.522,115.101,114.479,114.749,0,0
02/23/2018,06:59,114.727,114.742,114.068,114.432,0,0
02/24/2018,06:59,114.410,114.616,113.772,114.060,0,0
02/27/2018,06:59,114.389,114.389,113.839,113.996,0,0
02/28/2018,06:59,113.954,114.455,113.932,114.269,0,0
03/01/2018,06:59,114.269,114.435,112.785,112.919,0,0
03/02/2018,06:59,112.838,113.227,112.365,112.774,0,0
03/03/2018,06:59,112.696,112.907,112.341,112.646,0,0
03/06/2018,06:59,112.769,112.993,112.294,112.972,0,0
03/07/2018,06:59,112.925,113.474,112.595,112.811,0,0
03/08/2018,06:59,112.795,112.876,112.112,112.397,0,0
03/09/2018,06:59,112.415,112.560,111.501,111.644,0,0
03/10/2018,06:59,111.623,112.720,111.515,112.215,0,0
03/13/2018,06:59,112.109,112.504,112.028,112.276,0,0
03/14/2018,06:59,112.247,113.242,112.165,112.884,0,0
03/15/2018,06:59,112.857,113.066,112.099,112.510,0,0
03/16/2018,06:59,112.448,112.523,111.564,111.749,0,0
03/17/2018,06:59,111.768,111.788,111.159,111.209,0,0
03/20/2018,06:59,111.134,111.687,110.809,111.537,0,0
03/21/2018,06:59,111.450,112.093,111.261,111.371,0,0
03/22/2018,06:59,111.337,111.857,111.221,111.687,0,0
03/23/2018,06:59,111.599,111.775,110.842,110.899,0,0
03/24/2018,06:59,110.844,111.059,110.425,110.457,0,0
03/27/2018,06:59,110.388,111.595,110.363,111.458,0,0
03/28/2018,06:59,111.399,111.964,111.222,111.228,0,0
03/29/2018,06:59,111.116,111.732,110.915,111.657,0,0
03/30/2018,06:59,111.576,111.683,110.952,111.229,0,0
03/31/2018,06:59,111.171,111.480,111.066,111.323,0,0
04/03/2018,06:59,111.367,111.625,110.644,110.840,0,0
04/04/2018,06:59,110.805,111.328,110.664,111.178,0,0
04/05/2018,06:59,111.085,111.259,110.605,111.113,0,0
04/06/2018,06:59,111.094,111.631,111.040,111.440,0,0
04/07/2018,06:59,111.416,111.795,111.167,111.433,0,0
04/10/2018,06:59,111.477,111.943,111.320,111.620,0,0
04/11/2018,06:59,111.609,112.272,111.527,111.988,0,0
04/12/2018,06:59,111.981,112.075,111.367,111.485,0,0
04/13/2018,06:59,111.314,111.611,111.050,111.519,0,0
04/14/2018,06:59,111.439,112.104,111.349,111.526,0,0
04/17/2018,06:59,111.633,111.937,111.234,111.566,0,0
04/18/2018,06:59,111.560,111.630,110.590,110.726,0,0
04/19/2018,06:59,110.702,111.010,110.651,110.674,0,0
04/20/2018,06:59,110.657,111.093,110.364,110.519,0,0
04/21/2018,06:59,110.473,110.839,110.281,110.368,0,0
04/24/2018,06:59,110.449,111.133,110.315,111.104,0,0
04/25/2018,06:59,111.094,111.554,110.930,111.140,0,0
04/26/2018,06:59,111.141,111.316,110.897,111.281,0,0
04/27/2018,06:59,111.175,111.382,110.475,110.478,0,0
04/28/2018,06:59,110.423,110.538,110.185,110.352,0,0
05/01/2018,06:59,110.322,110.604,110.164,110.335,0,0
05/02/2018,06:59,110.272,110.478,110.110,110.235,0,0
05/03/2018,06:59,110.187,110.498,109.911,109.915,0,0
05/04/2018,06:59,109.852,110.128,109.071,109.428,0,0
05/05/2018,06:59,109.355,109.452,108.657,108.999,0,0
05/08/2018,06:59,109.026,109.162,108.689,108.775,0,0
05/09/2018,06:59,108.717,109.188,108.500,108.912,0,0
05/10/2018,06:59,108.867,109.588,108.784,109.117,0,0
05/11/2018,06:59,109.068,109.536,109.032,109.059,0,0
05/12/2018,06:59,108.967,109.463,108.877,109.299,0,0
05/15/2018,06:59,109.325,110.000,109.180,109.587,0,0
05/16/2018,06:59,109.577,110.440,109.480,110.189,0,0
05/17/2018,06:59,110.208,110.430,109.910,110.272,0,0
05/18/2018,06:59,110.258,110.683,110.115,110.574,0,0
05/19/2018,06:59,110.591,111.210,110.530,111.030,0,0
05/22/2018,06:59,111.240,111.517,110.944,111.350,0,0
05/23/2018,06:59,111.350,111.920,111.130,111.706,0,0
05/24/2018,06:59,111.710,111.900,110.380,110.547,0,0
05/25/2018,06:59,110.565,110.810,109.910,110.215,0,0
05/26/2018,06:59,109.690,110.660,109.690,110.490,0,0
05/29/2018,06:59,110.465,111.082,109.760,110.110,0,0
05/30/2018,06:59,110.110,110.280,109.000,109.720,0,0
05/31/2018,06:59,109.710,110.410,109.140,110.090,0,0
06/01/2018,06:59,110.090,110.660,109.771,110.370,0,0
06/02/2018,06:59,110.380,111.030,110.320,110.860,0,0
06/05/2018,06:59,110.700,111.430,110.659,111.150,0,0
06/06/2018,06:59,111.180,111.730,110.920,111.500,0,0
06/07/2018,06:59,111.495,111.930,111.360,111.700,0,0
06/08/2018,06:59,111.720,112.390,111.460,111.900,0,0
06/09/2018,06:59,111.894,112.020,110.754,111.200,0,0
06/12/2018,06:59,111.010,111.780,110.881,111.660,0,0
06/13/2018,06:59,111.685,112.190,111.480,111.850,0,0
06/14/2018,06:59,111.849,112.350,111.778,111.975,0,0
06/15/2018,06:59,111.952,112.110,110.820,110.940,0,0
06/16/2018,06:59,110.960,111.170,110.700,110.930,0,0
06/19/2018,06:59,111.100,111.260,110.627,111.084,0,0
06/20/2018,06:59,111.075,111.205,110.119,110.715,0,0
06/21/2018,06:59,110.670,110.890,110.280,110.780,0,0
06/22/2018,06:59,110.778,111.160,110.590,110.880,0,0
06/23/2018,06:59,110.890,111.450,110.735,111.340,0,0
06/26/2018,06:59,111.120,111.560,110.669,111.220,0,0
06/27/2018,06:59,111.215,111.285,110.760,111.080,0,0
06/28/2018,06:59,111.085,111.155,110.500,110.600,0,0
06/29/2018,06:59,110.585,110.855,110.300,110.770,0,0
06/30/2018,06:59,110.770,111.910,110.590,111.750,0,0
07/03/2018,06:59,111.740,112.010,111.180,111.600,0,0
07/04/2018,06:59,111.616,111.945,111.260,111.420,0,0
07/05/2018,06:59,111.420,111.540,111.100,111.290,0,0
07/06/2018,06:59,111.320,111.670,111.000,111.400,0,0
07/07/2018,06:59,111.375,111.770,111.230,111.590,0,0
07/10/2018,06:59,111.634,112.050,111.475,111.770,0,0
07/11/2018,06:59,111.800,112.250,111.595,111.950,0,0
07/12/2018,06:59,111.920,112.580,111.595,112.450,0,0
07/13/2018,06:59,112.475,112.970,112.130,112.260,0,0
07/14/2018,06:59,112.265,112.490,111.845,112.160,0,0
07/17/2018,06:59,112.146,112.720,111.955,112.640,0,0
07/18/2018,06:59,112.650,113.265,112.550,112.870,0,0
07/19/2018,06:59,113.020,113.040,112.620,112.960,0,0
07/20/2018,06:59,112.970,113.140,112.460,112.560,0,0
07/21/2018,06:59,112.555,112.715,112.200,112.300,0,0
07/24/2018,06:59,112.224,112.400,111.850,112.150,0,0
07/25/2018,06:59,112.315,112.340,111.740,111.900,0,0
07/26/2018,06:59,111.910,112.210,111.495,111.890,0,0
07/27/2018,06:59,111.900,112.040,111.430,111.890,0,0
07/28/2018,06:59,111.890,112.040,111.300,111.630,0,0
07/31/2018,06:59,111.525,112.430,111.505,112.395,0,0
08/01/2018,06:59,112.380,113.185,112.150,112.930,0,0
08/02/2018,06:59,112.965,113.110,112.415,112.620,0,0
08/03/2018,06:59,112.610,112.725,111.915,112.150,0,0
08/04/2018,06:59,112.220,112.360,111.835,111.890,0,0
08/07/2018,06:59,111.930,112.030,111.610,111.790,0,0
08/08/2018,06:59,111.770,111.970,111.625,111.870,0,0
08/09/2018,06:59,111.890,112.040,111.320,111.710,0,0
08/10/2018,06:59,111.700,112.100,111.460,111.790,0,0
08/11/2018,06:59,111.800,111.960,111.060,111.430,0,0
08/14/2018,06:59,111.110,111.650,110.670,111.500,0,0
08/15/2018,06:59,111.440,112.110,111.305,111.800,0,0
08/16/2018,06:59,111.800,111.955,110.955,111.450,0,0
08/17/2018,06:59,111.440,111.820,111.200,111.260,0,0
08/18/2018,06:59,111.290,111.380,110.815,110.990,0,0
08/21/2018,06:59,111.082,111.240,110.915,111.040,0,0
08/22/2018,06:59,111.020,112.160,110.860,111.995,0,0
08/23/2018,06:59,111.985,112.535,111.775,112.460,0,0
08/24/2018,06:59,112.440,113.000,112.380,112.890,0,0
08/25/2018,06:59,112.870,113.300,112.790,113.140,0,0
08/28/2018,06:59,113.145,113.460,112.780,113.390,0,0
08/29/2018,06:59,113.375,113.980,113.200,113.885,0,0
08/30/2018,06:59,113.910,115.125,113.705,115.080,0,0
08/31/2018,06:59,115.080,115.310,114.440,114.550,0,0
09/01/2018,06:59,114.510,114.950,114.280,114.700,0,0
09/04/2018,06:59,114.520,114.720,114.270,114.620,0,0
09/05/2018,06:59,114.590,114.760,114.005,114.420,0,0
09/06/2018,06:59,114.295,114.990,114.230,114.750,0,0
09/07/2018,06:59,114.930,114.960,114.390,114.740,0,0
09/08/2018,06:59,114.745,115.100,114.330,114.590,0,0
09/11/2018,06:59,114.615,114.770,113.935,114.000,0,0
09/12/2018,06:59,113.980,114.800,113.905,114.750,0,0
09/13/2018,06:59,114.810,114.830,114.320,114.630,0,0
09/14/2018,06:59,114.635,116.010,114.460,115.920,0,0
09/15/2018,06:59,115.940,116.120,115.690,115.850,0,0
09/18/2018,06:59,115.755,116.470,115.700,116.230,0,0
09/19/2018,06:59,116.200,116.920,115.990,116.490,0,0
09/20/2018,06:59,116.480,116.735,115.760,116.110,0,0
09/21/2018,06:59,116.080,117.330,115.880,117.295,0,0
09/22/2018,06:59,117.310,118.070,117.140,117.450,0,0
09/25/2018,06:59,117.200,117.570,116.850,116.900,0,0
09/26/2018,06:59,116.975,117.190,116.705,117.080,0,0
09/27/2018,06:59,117.070,117.240,116.450,116.730,0,0
09/28/2018,06:59,116.670,116.940,115.900,116.030,0,0
09/29/2018,06:59,116.030,116.455,115.690,115.780,0,0
10/02/2018,06:59,115.960,116.190,115.680,115.860,0,0
10/03/2018,06:59,115.810,116.075,115.290,115.540,0,0
10/04/2018,06:59,115.500,115.750,115.090,115.430,0,0
10/05/2018,06:59,115.420,115.715,114.550,114.890,0,0
10/06/2018,06:59,114.875,114.990,114.400,114.650,0,0
10/09/2018,06:59,114.635,114.880,113.630,114.100,0,0
10/10/2018,06:59,114.100,114.115,113.665,113.890,0,0
10/11/2018,06:59,113.860,114.225,113.350,113.360,0,0
10/12/2018,06:59,113.385,113.845,113.065,113.340,0,0
10/13/2018,06:59,113.345,113.680,112.905,113.190,0,0
10/16/2018,06:59,113.170,113.520,112.770,113.260,0,0
10/17/2018,06:59,113.255,113.705,113.045,113.310,0,0
10/18/2018,06:59,113.330,113.495,112.830,113.200,0,0
10/19/2018,06:59,113.160,113.470,112.520,112.690,0,0
10/20/2018,06:59,112.650,113.105,112.520,112.970,0,0
10/23/2018,06:59,113.105,113.425,112.690,113.250,0,0
10/24/2018,06:59,113.255,113.320,112.480,113.035,0,0
10/25/2018,06:59,113.020,113.230,112.410,112.480,0,0
10/26/2018,06:59,112.500,112.640,112.175,112.420,0,0
10/27/2018,06:59,112.445,112.530,111.550,112.210,0,0
10/30/2018,06:59,112.190,112.540,111.900,112.160,0,0
10/31/2018,06:59,112.150,112.775,112.040,112.500,0,0
11/01/2018,06:59,112.545,112.745,111.950,112.060,0,0
11/02/2018,06:59,112.005,112.700,111.855,112.470,0,0
11/03/2018,06:59,112.475,113.240,112.260,112.810,0,0
11/06/2018,06:59,112.830,112.975,112.490,112.690,0,0
11/07/2018,06:59,112.680,113.180,112.560,113.170,0,0
11/08/2018,06:59,113.180,113.770,112.950,113.250,0,0
11/09/2018,06:59,113.240,113.590,113.175,113.350,0,0
11/10/2018,06:59,113.550,113.565,112.840,113.200,0,0
11/13/2018,06:59,113.215,113.349,112.520,112.600,0,0
11/14/2018,06:59,112.590,113.100,112.435,113.000,0,0
11/15/2018,06:59,113.010,113.290,112.675,112.940,0,0
11/16/2018,06:59,112.925,113.040,112.490,112.850,0,0
11/17/2018,06:59,112.880,112.955,112.190,112.845,0,0
11/20/2018,06:59,112.740,113.330,112.640,113.265,0,0
11/21/2018,06:59,113.280,113.510,113.020,113.320,0,0
11/22/2018,06:59,113.310,113.870,113.225,113.690,0,0
11/23/2018,06:59,113.695,113.865,113.440,113.505,0,0
11/24/2018,06:59,113.530,113.670,113.020,113.230,0,0
11/27/2018,06:59,113.303,113.810,113.135,113.750,0,0
11/28/2018,06:59,113.770,113.995,113.525,113.920,0,0
11/29/2018,06:59,113.930,114.420,113.790,114.405,0,0
11/30/2018,06:59,114.395,114.435,113.625,113.925,0,0
12/01/2018,06:59,113.840,114.030,113.515,113.630,0,0
12/04/2018,06:59,113.726,113.970,113.580,113.870,0,0
12/05/2018,06:59,113.975,114.015,112.860,113.060,0,0
12/06/2018,06:59,113.050,113.505,112.830,113.460,0,0
12/07/2018,06:59,113.420,113.530,112.890,113.465,0,0
12/08/2018,06:59,113.450,113.910,113.350,113.840,0,0
12/11/2018,06:59,113.615,114.495,113.590,114.420,0,0
12/12/2018,06:59,114.415,114.650,114.010,114.160,0,0
12/13/2018,06:59,114.150,114.400,113.815,114.010,0,0
12/14/2018,06:59,114.040,114.460,113.960,114.320,0,0
12/15/2018,06:59,114.270,114.445,113.470,113.610,0,0
12/18/2018,06:59,113.815,114.170,113.495,113.605,0,0
12/19/2018,06:59,113.630,113.780,113.250,113.325,0,0
12/20/2018,06:59,113.400,113.440,112.865,113.085,0,0
12/21/2018,06:59,113.080,113.425,112.225,112.660,0,0
12/22/2018,06:59,112.650,112.920,111.680,111.760,0,0
12/25/2018,06:59,111.625,112.115,111.400,111.970,0,0
12/27/2018,06:59,111.690,112.120,111.375,111.850,0,0
12/28/2018,06:59,111.845,112.560,111.640,112.400,0,0
12/29/2018,06:59,112.360,112.735,111.940,112.030,0,0
01/01/2019,06:59,112.075,112.290,111.245,111.625,0,0
01/03/2019,06:59,111.755,111.825,109.930,109.970,0,0
01/04/2019,06:59,109.975,110.080,106.180,109.075,0,0
01/05/2019,06:59,109.115,110.100,108.995,109.995,0,0
01/08/2019,06:59,109.965,111.028,109.765,110.975,0,0
01/09/2019,06:59,110.970,111.185,110.595,110.810,0,0
01/10/2019,06:59,110.830,111.310,110.700,110.980,0,0
01/11/2019,06:59,110.990,111.195,110.070,110.120,0,0
01/12/2019,06:59,110.140,110.385,110.035,110.320,0,0
01/15/2019,06:59,110.225,110.485,109.845,110.255,0,0
01/16/2019,06:59,110.250,110.840,109.620,110.060,0,0
01/17/2019,06:59,110.020,110.250,109.675,110.140,0,0
01/18/2019,06:59,110.165,110.345,109.480,109.890,0,0
01/19/2019,06:59,109.875,110.375,109.705,110.275,0,0
01/22/2019,06:59,110.304,110.495,109.775,109.970,0,0
01/23/2019,06:59,110.000,110.060,109.465,109.670,0,0
01/24/2019,06:59,109.670,110.260,109.550,110.195,0,0
01/25/2019,06:59,110.105,110.445,109.900,110.055,0,0
01/26/2019,06:59,110.050,110.635,109.885,110.300,0,0
01/29/2019,06:59,110.315,110.420,110.080,110.220,0,0
01/30/2019,06:59,110.250,110.445,109.820,109.950,0,0
01/31/2019,06:59,109.975,110.095,109.605,109.655,0,0
